#Pesos entrada capa oculta 
DATA1
2.1361348581387607, 0.4407317339719162, 4.029789811059537, -0.38368476049879857, -5.7701491173646575, -3.2004969950338733, 3.8399652122152603, -1.4737661707006533
-0.3219597280419018, 4.609149064584159, 1.267900656499585, -3.6047119164262873, 2.344632753778333, -1.8335233607523174, 4.900972789088902, -5.678508514087174
-0.7661427835569274, 1.7312809770033133, 2.320927208908461, 0.4899055992129314, -1.0560184872312, 2.1352445732180416, 0.23713893304810976, 1.9793025498577548
4.1328529243134895, 1.8791786152270022, -1.6728366181208132, -1.2051699712842985, -2.310809360281205, -9.03299131208488, 1.6203063373844395, 8.071285351675458
-1.7572883600293852, -1.7439253968198387, -4.355533109853251, -7.970003259510578, -0.4966554946549898, -1.172400973987528, -6.637425159465894, -5.125239200224396
-0.20659800948079018, 0.5905693319020064, -0.3169204494775339, -1.3574155431197799, 3.8041011946152494, 0.08238135721327922, 0.11783000602786464, 5.16241394867511
-0.06972721576116434, -2.1864913983150167, -0.20074588978641444, 2.3620516773386755, -0.8592840963988122, -0.43987236656905376, -0.025695876691403573, -3.167008564082238

#Pesos capa oculta capa salida
DATA2
-8.146417949350887, -4.1239642307860125, -7.212222569561601, 0.7083887175413327, 5.986883774875086, -2.3334267722525164, 1.9636490877556587
1.0230934412529933, -6.5785738477527635, 0.9490095609264011, 3.6592196558047134, -2.131848221875651, 2.592020090931163, -11.591040795029224
0.9082330599503647, 3.958242733513087, -11.579429155948295, 2.7044636522539776, -7.138139260054498, -5.133357520205006, 0.938223993205938
3.0032795033708224, 6.231491980737429, 3.7267915932402897, -10.077347267575545, 1.384349220825426, -7.200585709560165, -5.555318728717619

#Datos de medias
DATA3
0.24493916750766043, 381.0625, 2.859666620906793, 0.45954026490911637, 74.33468650499992, 0.43886155582922803, 0.9572903082011051, 2.075

#Datos de desviación
DATA4
0.1393276749721209, 383.6338144555951, 0.6608559068028051, 0.30572312234873067, 31.56477756870111, 0.24748991309586788, 0.2272897307853684, 2.643742612282822

